INFO - asvspoof19 - Running command 'main'
INFO - asvspoof19 - Started run with ID "11"
squeeze-and-excitation network
===> Model total parameter: 1344794
(tensor([[-2.2033, -2.8688, -2.5324, -2.3058, -2.1946, -2.4099, -2.1023,
         -1.9985, -2.8111, -2.0057],
        [-2.3888, -2.9061, -2.5147, -2.2390, -2.1748, -2.3931, -2.1293,
         -1.9486, -2.9131, -1.9279],
        [-2.2222, -2.8698, -2.5861, -2.2173, -2.2402, -2.3725, -2.1940,
         -2.0068, -2.7585, -1.9538]]), tensor([ 2,  2,  2]))
<class 'torch.Tensor'>
<class 'torch.Tensor'>
Epoch: [1][0/54000]	Time 3.917 (3.917)	Data 2.968 (2.968)	LR 0.000004	Loss 2.5444 (2.5444)	Acc@1 0.000 (0.000)
(tensor([[-2.2964, -2.8941, -2.2766, -2.2633, -2.2119, -2.4005, -2.1802,
         -2.0376, -2.8435, -1.9977]]), tensor([ 3]))
<class 'torch.Tensor'>
<class 'torch.Tensor'>
(tensor([[-2.2670, -2.8746, -2.2400, -2.2753, -2.1814, -2.4076, -2.2431,
         -2.0922, -2.8373, -1.9686],
        [-2.3110, -2.8749, -2.2278, -2.3170, -2.2050, -2.4495, -2.1483,
         -2.0545, -2.9363, -1.9408],
        [-2.3012, -2.8585, -2.2663, -2.2965, -2.2647, -2.3981, -2.1930,
         -1.9844, -2.6967, -2.0637]]), tensor([ 6,  6,  6]))
<class 'torch.Tensor'>
<class 'torch.Tensor'>
(tensor([[-2.2996, -2.9010, -2.2715, -2.2698, -2.2156, -2.4099, -2.1962,
         -2.0140, -2.8462, -1.9908]]), tensor([ 1]))
<class 'torch.Tensor'>
<class 'torch.Tensor'>
(tensor([[-2.3079, -2.8845, -2.1767, -2.3077, -2.2321, -2.3513, -2.2037,
         -2.0400, -2.7896, -2.0610],
        [-2.3293, -2.8627, -2.2016, -2.3255, -2.1823, -2.4405, -2.1893,
         -2.0304, -2.8856, -1.9794],
        [-2.3273, -2.8963, -2.2686, -2.2705, -2.2403, -2.4478, -2.1584,
         -2.0670, -2.8520, -1.9120]]), tensor([ 1,  1,  1]))
<class 'torch.Tensor'>
<class 'torch.Tensor'>
(tensor([[-2.2424, -2.8595, -2.2600, -2.2693, -2.2336, -2.4544, -2.2422,
         -1.9941, -2.8001, -2.0209],
        [-2.3672, -2.8488, -2.2007, -2.2716, -2.2311, -2.4511, -2.2125,
         -1.9843, -2.9273, -1.9630],
        [-2.3098, -2.8883, -2.2460, -2.3010, -2.2085, -2.3685, -2.1842,
         -2.1259, -2.7762, -1.9560]]), tensor([ 9,  9,  9]))
<class 'torch.Tensor'>
<class 'torch.Tensor'>
(tensor([[-2.3330, -2.8474, -2.3084, -2.2552, -2.2168, -2.3846, -2.1828,
         -2.0666, -2.8132, -1.9641],
        [-2.3193, -2.9226, -2.2224, -2.2983, -2.1894, -2.4234, -2.2115,
         -2.0383, -2.9161, -1.9341],
        [-2.2736, -2.8419, -2.2068, -2.2848, -2.2333, -2.4429, -2.2052,
         -2.0333, -2.8022, -2.0324]]), tensor([ 2,  2,  2]))
<class 'torch.Tensor'>
<class 'torch.Tensor'>
(tensor([[-2.2968, -2.8764, -2.2555, -2.2849, -2.2152, -2.4173, -2.2231,
         -2.0316, -2.7291, -2.0136],
        [-2.2944, -2.8866, -2.2588, -2.2950, -2.2004, -2.4075, -2.2508,
         -2.0154, -2.8750, -1.9492],
        [-2.3199, -2.8759, -2.1678, -2.2879, -2.2671, -2.4346, -2.1298,
         -2.1099, -2.8641, -1.9588]]), tensor([ 8,  8,  8]))
<class 'torch.Tensor'>
<class 'torch.Tensor'>
(tensor([[-2.3273, -2.8879, -2.2753, -2.2429, -2.2227, -2.3900, -2.1908,
         -2.0104, -2.8580, -2.0044]]), tensor([ 2]))
<class 'torch.Tensor'>
<class 'torch.Tensor'>
(tensor([[-2.3170, -2.8900, -2.2702, -2.2656, -2.2103, -2.4333, -2.1326,
         -2.0496, -2.8566, -1.9908]]), tensor([ 7]))
<class 'torch.Tensor'>
<class 'torch.Tensor'>
